#prg-1
import pandas as pd
myDataSet = {
    'Height': [170,180,160,175,155,165,178,162,172,169,171,177,174,158,164],
    'Weight': [65,75,55,70,50,62,80,58,68,66,64,72,76,52,63],
    'Age': [19,20,18,21,19,22,23,20,19,20,22,21,24,18,19],
    'Avg_Grade':[85,90,80,88,82,89,91,78,86,84,87,90,88,75,81],
    'Courses': [5,6,4,7,5,6,7,3,5,4,6,9,8,3,4]
    }
myvar = pd.DataFrame(myDataSet)
print(myvar)

    Height  Weight  Age  Avg_Grade  Courses
0      170      65   19         85        5
1      180      75   20         90        6
2      160      55   18         80        4
3      175      70   21         88        7
4      155      50   19         82        5
5      165      62   22         89        6
6      178      80   23         91        7
7      162      58   20         78        3
8      172      68   19         86        5
9      169      66   20         84        4
10     171      64   22         87        6
11     177      72   21         90        9
12     174      76   24         88        8
13     158      52   18         75        3
14     164      63   19         81        4

#prg-2
import pandas as pd
myvar.describe()

	      Height	   Weight  	Age	       Avg_Grade	Courses
count	15.000000 	15.000000	15.000000	15.000000	15.000000
mean	168.666667	65.066667	20.333333	84.933333	5.466667
std	7.687343	    8.811248	1.799471	4.817626	1.767430
min	155.000000   	50.000000	18.000000	75.000000	3.000000
25%	163.000000   	60.000000	19.000000	81.500000	4.000000
50%	170.000000   	65.000000	20.000000	86.000000	5.000000
75%	174.500000	  71.000000	21.500000	88.500000	6.500000
max	180.000000  	80.000000	24.000000	91.000000	9.000000

#prg-3
import pandas as pd
myvar['Age'].value_counts()
	
Age	count
19	4
20	3
18	2
21	2
22	2
23	1
24	1

#prg-4
filter_myDataSet = myvar[(myvar['Age']>20) ]
print(filter_myDataSet)

    Height  Weight  Age  Avg_Grade  Courses
3      175      70   21         88        7
5      165      62   22         89        6
6      178      80   23         91        7
10     171      64   22         87        6
11     177      72   21         90        9
12     174      76   24         88        8

#prg-5
myvar.groupby(['Avg_Grade']).mean()

	          
Avg_Grade	  Height	Weight	Age	Courses			
75	         158.0	52.0	  18.0	3.0
78	          162.0	58.0	20.0	3.0
80           	160.0	55.0	18.0	4.0
81	          164.0	63.0	19.0	4.0
82	          155.0	50.0	19.0	5.0
84          	169.0	66.0	20.0	4.0
85	         170.0	65.0	19.0	5.0
86          	172.0	68.0	19.0	5.0
87          	171.0	64.0	22.0	6.0
88          	174.5	73.0	22.5	7.5
89	          165.0	62.0	22.0	6.0
90           	178.5	73.5	20.5	7.5
91	         178.0	80.0	23.0	7.0


